INDEX 11.

VIRORUM ERUDITORUM

166 16160161111661616 cnincls ΕΤ ΙΝ nom

ALLEGATORUM.

¹-—

Δ. 95, 96, 97. 502. 504. 565,

Abmehius 697, 602, 606.616,⁵14.616. 999994.

6160(A.)166. 666. 999, 999, 999, 994, 999.

Α dus (G) 462, 599.541.549. 545. 548. 551.

Anhton<c.)175. 999, 999, 997, 999. 999. 979.

41919νὶ94901.) 154. 999. 606. 575. 577. 589. 599. 596. 600. ’

Β· 611197616966611154875541794 in

9474999199 7284165. 266614, Menandri et Philemonis
615. fragmentis commisit 599,

Bantius 70. 900. 480. 609. , 400.

Battie (Gnl.) 959. 6944719194(Τ1997999)145,4, 5, 6,7,

99149494. 6, 6, 99, 91, 97. 494, 9, 6, 7.

. Benedictus 74. Bergleruu 416.

8497749499 (iim) apud 161). Blomfield (Proesnl) 244. 266.
xi.; 151, 152, 158, 154. 165. 272. 282. 284. 968. 494. 496.
209. 947. ln notin vi, vii. xii. 502. 615.

4. 6. 14, 6, 7, 9, 79, 94, 7, 9. 99997444. (Aug.) 66, 9, 9. 79,

66, 6. 66, 6, 7. 61, 66, 6, 7. 4, 9. 99, 4, 9, 9, 9. 99, 9, 9,

128, 9, 90. 197. 140. 149. 9. 100, 106, 7, 8. 244. 2⁵6.
ν 147. 159, 60. 164. 196. 201, 255, 81719. 9. 272, 9, 4. 278,

2, 9, 5, 6, 9, 10, 11, 17, 19. 9, 280. 978. 564.

221, 29. 247, 248. 259, 4, 7. Boissonadius 19.

288, 89, 290, 8, 9. 902, 908, Boschius (H) 157. Add.

15, 19. 922, 25, 26. 992, 99. Bouhierius 290. 658.

947. 954, 56, 57, 58, 59. 966, Boyle (C.) 210.

97. 974, 79, 79. 999. 499, 9, Briggs (Τ.) 166. 949.

14,15, 16, 18. 426, 27, 28. Β71799141779 196. 152. 914. 965.

491, 92, 99, 95, 96. 411, 46, 981. 990. 489. 497509. 557.

47, 49. 499, 94, 99. 499, 61, 999. 974.

99, 66, 94, 99, 99, 99. 479, Bryantius (J.) 665.

77. 494, 99, 99. 499, 66, 94, 99949997. 9.

 

